# numerical result for Rotka-Volterra equations: 
# dx/dt = 1.0 * x - 1.0 * xy, 
# dy/dt = 1.0 * xy - 1.0 * y 
# index 0, initial condition: (x, y) = (1.0, 0.1): 
1.0 0.1 
1.0273673837081159 0.10004087504126456 
1.0554811338705155 0.10016508683943882 
1.0843587816073235 0.10037521964021903 
1.114018014997978 0.10067414726922864 
1.1444766506859805 0.10106505678388104 
1.1757526012834978 0.10155147466474683 
1.2078638380740203 0.10213729583440956 
1.2408283484505653 0.10282681582740506 
1.2746640874584965 0.10362476647507152 
1.3093889227349282 0.10453635551460042 
1.345020572049745 0.10556731058296098 
1.3815765325552307 0.10672392811444384 
1.4190740007407299 0.10801312772620197 
1.4575297819640394 0.1094425127503233 
1.4969601882905768 0.11102043765472643 
1.5373809232127582 0.11275608318971674 
1.578806951643259 0.11465954020367976 
1.6212523533744487 0.11674190319154286 
1.664730157969636 0.11901537477483463 
1.7092521587969136 0.12149338246403617 
1.7548287036302619 0.12419070922413857 
1.8014684589218752 0.12712363955460734 
1.8491781444910356 0.1303101230069693 
1.8979622349749001 0.13376995729850144 
1.947822623942047 0.13752499344024155 
1.9987582460776767 0.1415993655824996 
2.0507646523077923 0.1460197485912018 
2.1038335321374206 0.15081564670257633 
2.157952176835581 0.1560197169590689 
2.21310287641042 0.1616681315007926 
2.269262242588419 0.16780098316586423 
2.326400449253617 0.1744627392268107 
2.384480381035002 0.18170274844000317 
2.4434566799807147 0.18957580688395545 
2.5032746795670042 0.19814278827288664 
2.5638692147152353 0.2074713445029587 
2.6251632961105242 0.2176366820509137 
2.687066637037838 0.2287224194064135 
2.749474021318426 0.24082152985921823 
2.81226350192937 0.2540373725233164 
2.8752944217659806 0.26848481226084797 
2.938405251073187 0.28429142591454915 
3.0014112407218887 0.30159878765162873 
3.0641018972273777 0.3205638198772375 
3.12623829479195 0.34136018762918086 
3.187550252404525 0.3641797030795064 
3.247733420952006 0.38923369214147885 
3.3064463472755135 0.4167542565749398 
3.3633076100526043 0.4469953417803177 
3.417893157150339 0.4802334921633924 
3.469734016299214 0.5167681422863233 
3.5183146007554664 0.5569212532107339 
3.5630718884322685 0.6010360604662299 
3.603395814936391 0.6494746550772323 
3.638631284396018 0.7026140758163615 
3.6680822608138994 0.7608405552429639 
3.6910184477402357 0.8245415427000575 
3.706685082549528 0.894095135815691 
3.714316347050724 0.9698566025822608 
3.7131528090546264 1.052141785189402 
3.702463139187897 1.1412073609460556 
3.681570075312453 1.237228207965027 
3.6498802226901725 1.3402724885107702 
3.606916785546752 1.450275510970949 
3.5523537514166446 1.567013930833196 
3.4860494489939056 1.690082343987822 
3.408076859660479 1.8188747274801944 
3.318747694406589 1.9525733892122616 
3.218627172959191 2.0901479920613255 
3.108536764887118 2.230366736027979 
2.9895429272208616 2.3718208854732348 
2.862931072516872 2.512962569709011 
2.730165500373703 2.6521543091302435 
2.592837609924885 2.7877272492492926 
2.4526061148188743 2.9180438819444543 
2.311133948093143 3.0415603334429258 
2.1700268886734264 3.156883251730954 
2.0307786039050253 3.2628169521674706 
1.8947258623278498 3.3583976619495144 
1.7630163216243706 3.442913219017579 
1.636589793163392 3.5159081596282453 
1.516172478163596 3.5771755210193703 
1.40228255460425 3.626737712459103 
1.2952447740110007 3.664819387080933 
1.1952114181936038 3.691815389001709 
1.1021870118842187 3.7082566350005637 
1.016054490823152 3.7147763329890875 
0.9366009776092592 3.712078360714702 
0.8635418222210246 3.700909029985079 
0.7965420469916753 3.682032917499612 
0.735234750838343 3.656212995535154 
0.6792363531710509 3.6241949601867947 
0.6281587912471848 3.586695428383597 
0.5816189348236263 3.5443935427255253 
0.539245563877544 3.497925465418053 
0.5006842857015683 3.447881238715914 
0.4656007625480801 3.3948035209735408 
0.43368259342163934 3.3391877597178135 
0.4046401538429257 3.2814834249099856 
0.3782066528118973 3.22209598896118 
0.35413762171254043 3.1613894001454694 
0.3322100085294015 3.0996888500121753 
0.31222101407337316 3.0372836819742055 
0.29398677555121433 2.974430327210834 
0.277340976743436 2.9113551857717224 
0.26213344289434803 2.8482573960478548 
0.24822876159633298 2.7853114554742295 
0.2355049578322841 2.722669670358547 
0.2238522412987511 2.660464423945257 
0.21317183659118 2.5988102599879497 
0.20337490128545535 2.537805784870105 
0.1943815329666785 2.4775353952313206 
0.18611986348054038 2.4180708405695435 
0.17852523682568167 2.3594726317568395 
0.17153946593640962 2.30179130710853 
0.16511016294270572 2.245068567801741 
0.15919013719791872 2.189338294217033 
0.153736855326115 2.134627454302193 
0.14871195767920437 2.0809569144246263 
0.14408082584776213 2.0283421624569486 
0.13981219619406113 1.9767939520788558 
0.1358778147386809 1.9263188765119763 
0.13225212911004527 1.8769198791567903 
0.12891201364329846 1.8285967078873286 
0.12583652408028914 1.781346319089608 
0.12300667866919991 1.7351632369086571 
0.12040526278647526 1.6900398725984984 
0.11801665450312082 1.6459668083493482 
0.1158266687915474 1.602933049495003 
0.11382241831825743 1.5609262485783355 
0.11199218899279834 1.519932904370984 
0.110325328645912 1.4799385386013624 
0.1088121473912858 1.440927852839648 
0.10744382838745391 1.4028848677160752 
0.10621234786091499 1.3657930464064676 
0.10511040338008791 1.329635404103466 
0.10413134948390779 1.2943946050005322 
0.10326913987015303 1.2600530481459762 
0.10251827543836226 1.2265929433735947 
0.10187375756170304 1.1939963783829195 
0.1013310460325321 1.1622453779236235 
0.1008860211886659 1.1313219559336216 
0.10053494978248598 1.101208161387288 
0.10027445420375852 1.0718861185276383 
0.10010148471018927 1.043338062083078 
0.10001329435791574 1.0155463680043124 
0.10000741635793849 0.9884935801993179 
0.10008164361442573 0.9621624336930266 
0.10023401022734359 0.9365358745928336 
0.10046277476536886 0.9115970772005565 
0.10076640513588588 0.8873294585754588 
0.10114356489736491 0.8637166908208923 
0.1015931008758418 0.840742711338562 
0.10211403196180853 0.8183917312689686 
0.10270553897679618 0.7966482423138929 
0.10336695551047143 0.7754970221165324 
0.1040977596393427 0.7549231383568171 
0.10489756644732619 0.7349119517032706 
0.10576612127658434 0.7154491177483314 
0.10670329364433381 0.6965205880411215 
0.10770907176782431 0.6781126103200686 
0.10878355764550426 0.6602117280374192 
0.10992696264758975 0.6428047792583753 
0.11113960357390916 0.6258788950092494 
0.11242189914106793 0.6094214971415396 
0.11377436686471853 0.5934202957721006 
0.11519762030607875 0.5778632863535423 
0.11669236665485698 0.5627387464235475 
0.11825940462345538 0.5480352320769125 
0.119899622629761 0.5337415741997092 
0.12161399724803282 0.5198468745010005 
0.12340359190937293 0.5063405013739685 
0.12526955583505703 0.4932120856150937 
0.12721312318761233 0.48045151602711816 
0.12923561242598916 0.4680489349289023 
0.13133842585249078 0.4559947335929244 
0.13352304934031914 0.44427954762903205 
0.13579105223167603 0.43289425233113027 
0.1381440873973385 0.42182995800174833 
0.14058389144951677 0.4110780052678558 
0.14311228510061094 0.40062996039987764 
0.14573117366121494 0.39047761064457537 
0.1484425476713843 0.38061295958130364 
0.15124848365979013 0.3710282225101041 
0.15415114502593355 0.361715821879155 
0.1571527830410976 0.35266838275824347 
0.16025573796417075 0.34387872836415717 
0.16346244026889287 0.33533987564320206 
0.16677541197945317 0.32704503091542675 
0.1701972681117152 0.318987585584576 
0.17373071821765718 0.3111611119172902 
0.17737856803090113 0.3035593588946169 
0.18114372121146233 0.29617624813849697 
0.1850291811880847 0.28900586991552657 
0.18903805309673807 0.28204247921997583 
0.19317354581404309 0.27528049193776055 
0.1974389740845587 0.2687144810928129 
0.20183776074101756 0.2623391731770762 
0.2063734390167262 0.25614944456515937 
0.21104965494946296 0.25014031801451836 
0.21587016987630311 0.24430695925189572 
0.22083886301888356 0.2386446736466276 
0.22595973415868442 0.2331489029713347 
0.23123690640195488 0.22781522225043566 
0.23667462903394454 0.22263933669686564 
0.24227728046211922 0.21761707873734407 
0.24804937124804194 0.21274440512651388 
0.2539955472275846 0.20801739415027146 
0.2601205927191038 0.20343224291861706 
0.2664294338191636 0.19898526474838535 
0.2729271417853194 0.19467288663625848 
0.2796189365053882 0.19049164682252484 
0.2865101900525209 0.18643819244612264 
0.29360643032525885 0.18250927729159905 
0.30091334477160386 0.17870175962872517 
0.30843678419594467 0.1750126001456325 
0.31618276664747763 0.17143885997648042 
0.32415748138851685 0.16797769882482697 
0.33236729294081824 0.1646263731840567 
0.3408187452077343 0.16138223465642335 
0.34951856566967027 0.15824272837248926 
0.35847366964992405 0.15520539151299434 
0.3676911646475585 0.1522678519354612 
0.37717835473346994 0.149427826908147 
0.38694274500527664 0.14668312195428618 
0.3969920460960514 0.1440316298099345 
0.4073341787312535 0.14147132949912766 
0.4179772783274773 0.13900028553051064 
0.42892969962580985 0.13661664722007938 
0.44020002135168323 0.1343186481452104 
0.451797050892095 0.13210460573574043 
0.46372982897995557 0.12997292100850252 
0.47600763437408267 0.1279220784524351 
0.48863998852199303 0.12595064607215933 
0.5016366601911263 0.12405727559878028 
0.5150076700524551 0.12224070287761404 
0.5287632951985781 0.12049974844358641 
0.5429140735763321 0.11883331829620149 
0.5574708083116788 0.11724040488725083 
0.5724445719020961 0.11572008833584019 
0.5878467102489016 0.11427153788686724 
0.6036888464988311 0.1128940136308066 
0.6199828846607518 0.11158686850456752 
0.6367410129595648 0.11034955059530731 
0.6539757068851147 0.10918160577143429 
0.6716997318892062 0.10808268066764548 
0.6899261456785941 0.10705252605374815 
0.7086683000459931 0.10609100062024637 
0.727939842174673 0.10519807521727316 
0.7477547153450006 0.10437383758746233 
0.7681271589632587 0.1036184976378311 
0.7890717078241246 0.10293239330074498 
0.8106031905082147 0.10231599703962398 
0.8327367268049662 0.1017699230612996 
0.8554877240386956 0.1012949353039286 
0.8788718721617843 0.10089195627720769 
0.902905137463412 0.1005620768404222 
0.9276037547248797 0.100306567013722 
0.9529842176331161 0.10012688792909177 
0.9790632672421676 0.10002470503992517 
1.0058578782480359 0.10000190272210485 
1.0333852428148285 0.10006060041523641 
1.0616627516594188 0.10020317047041369 
1.0907079720672583 0.10043225789087046 
1.1205386224731493 0.10075080217439521 
1.1511725431971136 0.10116206149179083 
1.1826276628763537 0.10166963946433201 
1.2149219600789802 0.10227751483554441 
1.2480734195228809 0.10299007436919241 
1.2820999822528951 0.10381214934667163 
1.3170194890503308 0.10474905608368477 
1.3528496162596348 0.10580664093884064 
1.3896078031164056 0.10699133034644764 
1.4273111695474479 0.10831018647316401 
1.4659764232855588 0.10977096917430493 
1.5056197549973716 0.11138220501159331 
1.546256719959811 0.11315326419118801 
1.5879021046372725 0.11509444639026235 
1.630569776305027 0.11721707656368116 
1.6742725136318475 0.11953361196098795 
1.7190218158735144 0.12205776173960466 
1.7648276880355285 0.1248046207345628 
1.811698399034744 0.12779081913993384 
1.8596402095223445 0.13103469007404953 
1.90865706562125 0.1345564572410706 
1.958750254376485 0.13837844516661707 
2.0099180162145145 0.14252531477561717 
2.062155109155058 0.1470243273960287 
2.115452318915664 0.15190564061115883 
2.1697959083964546 0.1572026397426896 
2.2251669993337417 0.1629523091204288 
2.281540878174346 0.16919564767399276 
2.338886217460495 0.17597813375209342 
2.3971642032485976 0.18335024441646017 
2.4563275583444493 0.19136803474079278 
2.5163194504663253 0.20009378283040727 
2.5770722739073952 0.20959670631066327 
2.638506292944323 0.2199537558382172 
2.700528135243883 0.23125049067086928 


# index 1, initial condition: (x, y) = (1.0, 0.21666666666666667): 
1.0 0.21666666666666667 
1.0237775141127976 0.2167436559248639 
1.0481155265273976 0.21697721122537023 
1.0730220266292965 0.2173715199751619 
1.098504676779976 0.2179311995083916 
1.1245707588861573 0.2186613265834749 
1.1512271157426415 0.2195674695027053 
1.1784800866746552 0.2206557230826214 
1.2063354369646406 0.22193274672237034 
1.2347982805044586 0.223405805837461 
1.263872995066961 0.2250828169475084 
1.2935631295408165 0.2269723967287263 
1.3238713024194209 0.22908391536484762 
1.35479909077881 0.2314275545535891 
1.3863469089210165 0.2340143705493698 
1.4185138757986548 0.23685636264626317 
1.4512976702742937 0.23996654752746896 
1.4846943732052347 0.24335903992810293 
1.5186982952817665 0.24704914007574216 
1.55330178948635 0.25105342838656275 
1.5884950469844588 0.25538986790233 
1.6242658752075059 0.260077914952777 
1.6605994568476399 0.26513863851632885 
1.6974780884572858 0.27059484872635137 
1.7348808973381942 0.2764712349260163 
1.7727835354217534 0.2827945136074636 
1.811157848892142 0.28959358647412364 
1.8499715223959947 0.2968997087315147 
1.8891876968280288 0.3047466675327994 
1.9287645598952687 0.31317097027046964 
1.9686549089594316 0.3222120421025244 
2.0088056860569807 0.33191243171615836 
2.04915748552186 0.3423180238479062 
2.0896440353129893 0.35347825647774206 
2.130191654006897 0.36544633987497527 
2.170718686488661 0.3782794737730604 
2.2111349226981756 0.39203905786424614 
2.251341005402915 0.4067908895081559 
2.2912278349134505 0.42260534101627245 
2.3306759809742257 0.4395575070846322 
2.3695551147863045 0.4577273108826918 
2.407723477280415 0.4771995549589902 
2.4450274033740307 0.4980639004993409 
2.4813009260114876 0.5204147555964242 
2.516365488267543 0.5443510501144397 
2.5500297966172103 0.569975871550189 
2.5820898535079357 0.5973959331425205 
2.6123292124131314 0.6267208425662101 
2.6405195033103004 0.6580621371378499 
2.666421280620195 0.6915320499180765 
2.689785248556198 0.7272419708660348 
2.710353919931181 0.7653005688305895 
2.7278637629967135 0.805811544273816 
2.742047885988766 0.8488709898992628 
2.7526392998068703 0.8945643474964237 
2.7593747847529877 0.9429629649510951 
2.761999366711137 0.9941202779870891 
2.7602713810261283 1.0480676669879587 
2.7539680685383 1.1048100699464163 
2.742891608276688 1.1643214673476605 
2.726875446550977 1.2265403919991618 
2.7057907349342494 1.2913656540016036 
2.6795526432659034 1.358652504864025 
2.648126272691113 1.428209491087778 
2.611531863007714 1.4997962617865657 
2.5698489736369585 1.5731225924744119 
2.52321932344623 1.647848864078917 
2.4718480053466303 1.723588189957327 
2.4160028489665595 1.7999103137942067 
2.356011787893251 1.8763473100885284 
2.2922581928657837 1.9524010118925093 
2.2251742515222976 2.027551975824303 
2.1552325987514687 2.1012696826002846 
2.08293651763641 2.1730235738537105 
2.008809127548083 2.2422944536847194 
1.9333820428572104 2.3085857448763916 
1.857184015831166 2.371434090063369 
1.780730067645197 2.430418827927787 
1.7045115638075141 2.485169949669206 
1.6289876107370023 2.5353742434814595 
1.5545780480943447 2.5807794537301025 
1.4816581979113184 2.6211964049728453 
1.4105554179136457 2.656499157446552 
1.3415474026973129 2.6866233606608008 
1.2748620901980618 2.7115630487072595 
1.2106789668169686 2.731366171539509 
1.149131524243158 2.746129180682345 
1.0903106034282015 2.7559909880773263 
1.0342683633258722 2.7611265973510717 
0.9810226297262417 2.7617406729384766 
0.9305614081327251 2.758061269605314 
0.8828473796456918 2.7503338979559464 
0.8378222362857147 2.738816054611837 
0.7954107489791714 2.723772302012896 
0.7555244952884375 2.705469944291893 
0.7180652034884684 2.684175313525111 
0.6829276940817227 2.660150655219763 
0.6500024191785929 2.6336515829331524 
0.6191776146266068 2.6049250588170554 
0.5903410898778771 2.5742078488114615 
0.5633816870009053 2.5417253972561924 
0.5381904436684166 2.507691064938674 
0.5146614960597479 2.4723056762159845 
0.4926927570105631 2.4357573241129233 
0.4721864029437484 2.3982213866025224 
0.45304920054935677 2.3598607121421122 
0.43519270118434106 2.320825937601969 
0.41853332778886854 2.281255906719743 
0.4029923759495424 2.241278161960554 
0.38849594770749496 2.201009487044839 
0.37497483389188735 2.1605564813602536 
0.36236435820261426 2.120016150974892 
0.35060419398980713 2.0794765040187944 
0.33963816268350855 2.0390171408194195 
0.3294140211037147 1.9987098313962077 
0.31988324341012375 1.9586190747775931 
0.31100080220931453 1.9188026361413275 
0.3027249522997773 1.879312059036238 
0.2950170196771516 1.8401931509591982 
0.2878411977191235 1.8014864413709273 
0.28116435189931405 1.7632276118706258 
0.27495583392185247 1.725447898741153 
0.2691873058050974 1.6881744684485573 
0.26383257415830486 1.6514307669540003 
0.258867434675223 1.6152368438909548 
0.2542695267018846 1.5796096527916788 
0.25001819761229827 1.5445633286274545 
0.24609437663693923 1.5101094439678608 
0.2424804577279063 1.4762572450743667 
0.23916019100555308 1.44301386923017 
0.2361185823095396 1.4103845445774106 
0.23334180036868304 1.3783727736894802 
0.2308170911055376 1.3469805020539583 
0.22853269860074243 1.3162082725837934 
0.22647779225678646 1.2860553672130766 
0.22464239971931624 1.256519936570987 
0.22301734513516486 1.2275991186646276 
0.221594192348899 1.1992891474395748 
0.22036519266308502 1.1715854520268034 
0.2193232368110696 1.1444827474267845 
0.2184618108144059 1.1179751173263388 
0.21777495541980876 1.0920560896915137 
0.21725722883245246 1.0667187057304401 
0.216903672483377 1.0419555827738864 
0.2167097795886388 1.0177589715780084 
0.21667146627657366 0.9941208085135534 
0.2167850450771112 0.9710327630684025 
0.217047200583493 0.9484862810557083 
0.2174549671120255 0.9264726238878698 
0.21800570819967724 0.9049829042470302 
0.2186970977924562 0.8840081184555498 
0.21952710298962724 0.8635391758248268 
0.22049396822000752 0.8435669252377852 
0.22159620073686814 0.824082179199166 
0.22283255732742904 0.8050757355683066 
0.2242020321416193 0.7865383971712546 
0.22570384555274112 0.7684609894727001 
0.22733743396997674 0.7508343764732125 
0.22910244052936285 0.7336494749835274 
0.23099870659597524 0.7168972674150438 
0.23302626401566223 0.7005688132141614 
0.23518532805978073 0.6846552590575342 
0.23747629101106216 0.6691478479156521 
0.23989971634300405 0.6540379270833144 
0.2424563334490803 0.6393169552674618 
0.2451470328816173 0.624976508815416 
0.2479728620634278 0.6110082871597946 
0.25093502143824975 0.5974041175501521 
0.25403486102873085 0.5841559591357155 
0.2572738773731531 0.5712559064583754 
0.26065371081432204 0.558696192410332 
0.26417614311607396 0.5464691907064314 
0.267843095384697 0.5345674179172434 
0.2716566262742301 0.522983535105273 
0.27561893045611746 0.5117103491033633 
0.279732337335061 0.5007408134712886 
0.28399930999414336 0.4900680291637422 
0.28842244435340125 0.4796852449403721 
0.2930044685270165 0.4695858575461825 
0.29774824236517416 0.4597634116884899 
0.3026567571674169 0.450211599834682 
0.3077331355550082 0.44092426185325484 
0.3129806314904134 0.4318953845189964 
0.31840263043251676 0.4231191009017209 
0.32400264961662173 0.4145896896566316 
0.329784338448634 0.4063015742331925 
0.33575147900310337 0.3982493220183071 
0.341907986615006 0.39042764342863334 
0.3482579105552815 0.38283139096599594 
0.35480543478020554 0.3754555582490873 
0.3615548787446727 0.36829527903396997 
0.36851069826939215 0.36134582623530237 
0.37567748645185695 0.3546026109596977 
0.3830599746107339 0.34806118156219834 
0.39066303325303914 0.3417172227364912 
0.3984916730531063 0.3355665546492082 
0.406551045831921 0.32960513212844705 
0.4148464455248846 0.32382904391650574 
0.42338330912547445 0.318234511996755 
0.4321672175915871 0.3128178910045692 
0.4412038967005782 0.3075756677323041 
0.4504992178381424 0.3025044607384452 
0.4600591987052034 0.2976010200712579 
0.469890003925899 0.2928622271175495 
0.4799979455385451 0.28828509458750845 
0.4903894833501306 0.2838667666470155 
0.5010712251334308 0.2796045192093365 
0.5120499266442086 0.2754957603987023 
0.5233324914342017 0.2715380311989698 
0.5349259704336439 0.2677290063013398 
0.546837561274933 0.26406649516599273 
0.55907460732672 0.26054844331349525 
0.5716445964051321 0.2571729338629393 
0.5845551591260404 0.25393818933501244 
0.5978140668592203 0.25084257373956453 
0.6114292292419012 0.24788459496875612 
0.6254086912055415 0.24506290751854554 
0.639760629465664 0.24237631556312134 
0.6544933484202136 0.2398237764089194 
0.669615275397124 0.23740440435710275 
0.6851349551865594 0.23511747500584182 
0.7010610437875978 0.2329624300264332 
0.7174023012928902 0.23093888245026115 
0.7341675838280305 0.2290466225068572 
0.7513658344549318 0.22728562405687908 
0.7690060729403866 0.2256560516677379 
0.7870973842821176 0.2241582683838825 
0.8056489058749338 0.22279284424843696 
0.8246698131890235 0.22156056563801568 
0.8441693038208593 0.22046244547815275 
0.8641565797645642 0.21949973441291568 
0.8846408277378162 0.2186739330089786 
0.9056311973813277 0.2179868050817491 
0.9271367771345328 0.21744039223913092 
0.949166567572226 0.21703702974721242 
0.9717294519673975 0.21677936383165441 
0.9948341638242714 0.21667037053886667 
1.0184892511024364 0.21671337629226928 
1.0427030368278207 0.2169120802910888 
1.067483575758958 0.21727057891229606 
1.09283860674736 0.21779339229050507 
1.1187755003987256 0.2184854932659643 
1.145301201606998 0.21935233890722078 
1.1724221664958308 0.22039990483264335 
1.2001442932616837 0.22163472257375938 
1.2284728463694723 0.2230639202432629 
1.2574123735053475 0.22469526679153584 
1.28696661464179 0.22653722015748282 
1.3171384025177881 0.22859897964225315 
1.34792955378158 0.23089054285777288 
1.3793407499854868 0.23342276762560607 
1.4113714075621502 0.23620743922505363 
1.444019535849547 0.23925734341198193 
1.477281582169275 0.2425863456508631 
1.5111522628998661 0.2462094770208886 
1.5456243794256752 0.2501430272714863 
1.5806886177841275 0.2544046455114814 
1.616333330782128 0.2590134490174259 
1.6525443013093544 0.26399014063769694 
1.6893044855458201 0.26935713524664134 
1.7265937347483398 0.2751386956633875 
1.764388494311383 0.28136107838815766 
1.8026614788396425 0.28805268941916 
1.8413813220515076 0.29524425028838736 
1.8805122004654966 0.30296897428647196 
1.9200134300187133 0.31126275262513425 
1.9598390350433268 0.32016434999891163 
1.9999372894024896 0.3297156086419882 
2.0402502300828322 0.3399616595151529 
2.0807131441819178 0.3509511386840526 
2.1212540310446624 0.36273640624260634 
2.16179304232521 0.37537376427227437 
2.2022419040159806 0.3889236692847092 
2.2425033260323084 0.40345093334706883 
2.2824704068097383 0.4190249066110382 
2.3220260426021535 0.43571963223540106 
2.3610423538003467 0.4536139626892891 
2.399380143653888 0.47279162413836673 
2.4368884082940463 0.49334121305111 
2.4734039209233174 0.5153561063375193 
2.508750917431623 0.538934263294744 
2.5427409154555347 0.5641778944652728 
2.575172703898189 0.5911929693417335 
2.605832544989846 0.6200885318642336 
2.634494635824516 0.6509757901081906 
2.6609218805886727 0.6839669447913213 
2.684867027921084 0.719173720666843 
2.706074229401622 0.7567055660381908 
2.724281074331681 0.7966674891372298 
2.7392211519013188 0.8391575066268768 
2.750627183628688 0.884263689718678 
2.758234755688425 0.9320608079940524 
2.7617866615899267 0.9826065905080533 
2.761037840020112 1.0359376484024871 
2.7557608603156134 1.092065132920748 
2.7457518693468415 1.1509702366905683 
2.730836869730395 1.2125996829890235 
2.7108781523331356 1.2768613851494348 
2.6857806591308195 1.3436204931515356 
2.6554980097954024 1.4126960727916662 


# index 2, initial condition: (x, y) = (1.0, 0.33333333333333337): 
1.0 0.33333333333333337 
1.020200314620975 0.33343401606085843 
1.0408023612433115 0.33373892547087347 
1.0618074221323197 0.3342526570630681 
1.0832162438382893 0.3349802284710013 
1.1050289842442829 0.3359271025513331 
1.1272451557332432 0.3370992119922768 
1.1498635642338055 0.33850298551518504 
1.17288224389611 0.3401453757417371 
1.196298387141982 0.34203388879642027 
1.2201082698284644 0.34417661570959446 
1.2443071712603244 0.3465822656800398 
1.2688892887863585 0.3492602012470902 
1.2938476467167515 0.35222047541076396 
1.3191739993051648 0.3554738707231482 
1.3448587275505555 0.3590319403550164 
1.3708907295910042 0.3629070511175043 
1.3972573044862888 0.3671124283887627 
1.423944029218995 0.37166220285886165 
1.4509346287872296 0.3765714589617112 
1.4782108393173454 0.3818562848091179 
1.5057522641946304 0.38753382337790765 
1.5335362232959806 0.39362232462472735 
1.5615375955138837 0.4001411981129751 
1.5897286548884573 0.4071110656304218 
1.618078900817092 0.4145538131524697 
1.6465548829928816 0.42249264136253667 
1.6751200219372364 0.430952113775591 
1.7037344262427365 0.4399582013212235 
1.7323547079333774 0.4495383220267678 
1.7609337976848314 0.4597213741970151 
1.7894207620309006 0.47053776121355195 
1.8177606251172564 0.4820194057728039 
1.8458941980523467 0.4941997510474714 
1.8737579194493994 0.5071137458923648 
1.9012837113525054 0.5207978108254218 
1.928398855391378 0.5352897811027169 
1.9550258947082362 0.5506288227799496 
1.9810825679372839 0.5668553172228307 
2.0064817822788066 0.5840107091094998 
2.031131633476711 0.6021373125787359 
2.054935481254458 0.6212780698427224 
2.0777920894561617 0.6414762563329734 
2.0995958407348416 0.6627751263196546 
2.1202370360768064 0.6852174929816773 
2.139602289688424 0.7088452371579816 
2.1575750297281804 0.7336987395356908 
2.174036114963282 0.7598162318892541 
2.1888645765800328 0.787233064239417 
2.2019384929913466 0.81598088651371 
2.2131360034753675 0.8460867455168714 
2.2223364637667937 0.8775721008035737 
2.2294217432446053 0.910451766410405 
2.2342776590809335 0.9447327893437454 
2.236795537639021 0.980413280190979 
2.2368738875879703 1.0174812161320814 
2.234420162755767 1.0559132418276946 
2.2293525858610383 1.0956734989355057 
2.2216019972194694 1.1367125200802368 
2.211113685665693 1.1789662276322106 
2.1978491526935007 1.2223550812415263 
2.181787755683139 1.2667834203028578 
2.1629281725731215 1.3121390479591588 
2.1412896289589773 1.3582931014939026 
2.1169128298245092 1.4051002496911793 
2.0898605422894234 1.4523992507661987 
2.0602177830894775 1.5000138947608657 
2.0280915749838417 1.547754342042625 
1.9936102496598247 1.5954188551512143 
1.956922290471358 1.6427959053484475 
1.9181947257525964 1.689666618686414 
1.877611101533103 1.7358075102181385 
1.8353690801488292 1.7809934402069896 
1.7916777273471443 1.8250007139048428 
1.7467545639330717 1.8676102376030994 
1.7008224678661887 1.9086106389383735 
1.6541065183146266 1.9478012592846188 
1.6068308741466992 1.984994930569767 
1.5592157756897453 2.0200204577436227 
1.5114747506589592 2.052724740788197 
1.4638120936150585 2.0829744857233 
1.4164206740440788 2.1106574714567268 
1.3694801122040128 2.1356833574168723 
1.3231553453315046 2.1579840345679098 
1.2775955906721517 2.1775135386447517 
1.232933696978315 2.194247558450461 
1.1892858633022658 2.2081825832653856 
1.1467516935675004 2.2193347415145217 
1.1054145477633557 2.2277383877642656 
1.065342145699873 2.233444497025052 
1.026587376923262 2.236518924546251 
0.9891892703333051 2.237040586245649 
0.9531740788797222 2.2350996101236302 
0.9185564380186226 2.2307955029931517 
0.8853405609522135 2.224235370108105 
0.853521438651204 2.215532218238431 
0.8230860179143997 2.2048033657921753 
0.7940143359593588 2.192168977013662 
0.7662805950330421 2.177750731303044 
0.7398541651179997 2.1616706334399947 
0.7147005068825539 2.144049966021741 
0.6907820105279224 2.1250083817573375 
0.6680587491074186 2.104663130368738 
0.6464891472500667 2.08312841267778 
0.6260305680524979 2.0605148529303956 
0.6066398222622303 2.0369290794388513 
0.5882736048232603 2.0124734031200155 
0.5708888644544818 1.9872455833853355 
0.5544431122445194 1.9613386710149066 
0.5388946753307132 1.9348409180506214 
0.5242029016371283 1.907835745308084 
0.5103283214219221 1.8804017587797963 
0.497232771066766 1.8526128069385894 
0.4848794841622546 1.8245380717147504 
0.4732331545291953 1.796242186685096 
0.4622599753867103 1.7677853767566027 
0.4519276584497556 1.7392236143362023 
0.44220543632245435 1.71060878764192 
0.4330640511576738 1.681988877422536 
0.42447573218289697 1.6534081389102955 
0.41641416435085593 1.624907286333181 
0.4088544500620978 1.5965236777609197 
0.4017730656258809 1.5682914984545142 
0.3951478138748531 1.5402419412357733 
0.3889577741264996 1.512403382694718 
0.38318325048859153 1.484801554312749 
0.3778057193347923 1.4574597078020592 
0.3728077766280361 1.4303987741508997 
0.36817308564110696 1.4036375160236898 
0.3638863255138891 1.3771926732981923 
0.35993314099299656 1.3510791016322934 
0.3563000936200112 1.3253099040433791 
0.3529746145676056 1.2998965555565716 
0.34994495926678404 1.2748490210366492 
0.3472001639218942 1.2501758663644635 
0.3447300039716344 1.2258843631540206 
0.34252495452285525 1.2019805872327802 
0.3405761527584995 1.178469511126609 
0.33887536230065074 1.1553550908034753 
0.33741493949358 1.132640346937486 
0.3361878015592101 1.1103274409581785 
0.335187396567975 1.0884177461498947 
0.3344076751611227 1.0669119140632615 
0.3338430639556643 1.0458099364958626 
0.33348844056003907 1.02511120329259 
0.33333911012682005 1.0048145562083135 
0.33339078336817396 0.9849183390667559 
0.33363955596007144 0.9654204444400685 
0.33408188926223875 0.9463183570638147 
0.3347145922823871 0.9276091941920629 
0.3355348048152179 0.9092897430872223 
0.33653998168897103 0.8913564958292495 
0.3377278780547682 0.8738056816189911 
0.3390965356566319 0.8566332967408067 
0.3406442700227653 0.8398351323402674 
0.34236965852142015 0.8234068001637099 
0.34427152922740695 0.8073437563977633 
0.3463489505479961 0.7916413237386783 
0.3486012215595832 0.7762947118133879 
0.3510278630090377 0.7612990360667202 
0.35362860893610043 0.7466493352220662 
0.35640339887553507 0.7323405874160753 
0.3593523705999644 0.7183677251015985 
0.3624758533664266 0.7047256488071211 
0.36577436163167026 0.6914092398352989 
0.36924858920306514 0.6784133719779373 
0.3728994037937435 0.6657329223197997 
0.37672784195219816 0.6533627811990043 
0.38073510433805696 0.641297861387434 
0.3849225513171272 0.6295331065505467 
0.3892916988500613 0.6180634990421952 
0.3938442146501399 0.606884067086563 
0.39858191458670195 0.5959898913960491 
0.4035067593116786 0.5853761112709017 
0.4086208510875084 0.5750379302235848 
0.4139264307954298 0.5649706211682528 
0.41942587510376683 0.5551695312132922 
0.42512169377634307 0.5456300860926636 
0.4310165271015844 0.5363477942697201 
0.4371131434231996 0.52731825074529 
0.44341443675356546 0.5185371406000802 
0.4499234244510836 0.510000242299869 
0.4566432449428299 0.5017034307905183 
0.46357715547377387 0.4936426804085187 
0.4707285298637113 0.48581406763160406 
0.4781008562528255 0.47821377369290813 
0.4856977348164717 0.4708380870811931 
0.49352287542935624 0.46368340594884666 
0.5015800952587688 0.45674624044861967 
0.5098733162659046 0.45002321501945747 
0.5184065625935911 0.4435110706412574 
0.5271839578179038 0.4372066670779651 
0.5362097220402129 0.43110698512809853 
0.545488168795142 0.42520912890155843 
0.5550237017487425 0.4195103281414493 
0.5648208111598767 0.41400794060959056 
0.5748840700763612 0.4086994545544488 
0.5852181302358415 0.40358249128036117 
0.5958277176396355 0.3986548078371578 
0.6067176277659008 0.39391429984961585 
0.6178927203864232 0.38935900450660343 
0.6293579139491041 0.3849871037302893 
0.6411181794858085 0.38079692754641203 
0.6531785340026302 0.37678695767731873 
0.6655440333068201 0.3729558313803052 
0.6782197642215887 0.3693023455547111 
0.6912108361367318 0.36582546114225895 
0.7045223718395213 0.36252430784626716 
0.7181594975665346 0.3593981891966235 
0.732127332213061 0.35644658798877826 
0.7464309756323926 0.3536691721265067 
0.7610754959526861 0.3510658008998016 
0.7760659158341335 0.3486365317309912 
0.7914071975839088 0.3463816274240352 
0.8071042270407368 0.3443015639539327 
0.8231617961349585 0.34239703883527806 
0.8395845840236159 0.34066898011122626 
0.85637713669336 0.3391185560064651 
0.8735438449168719 0.33774718529023795 
0.8910889204409818 0.3365565483980042 
0.909016370276781 0.33554859936294995 
0.9273299689537353 0.33472557861125163 
0.9460332285911552 0.33409002667772636 
0.9651293666313638 0.3336447989012405 
0.9846212710695643 0.3333930811619571 
1.0045114630057859 0.33333840672513076 
1.0248020563344322 0.33348467425864636 
1.0454947143769504 0.3338361670937718 
1.0665906032530694 0.3343975738005615 
1.0880903417760517 0.33517401015090037 
1.1099939476476075 0.3361710425431806 
1.1323007797187232 0.33739471296290197 
1.1550094760738892 0.33885156555288537 
1.17811788768835 0.3405486748650675 
1.2016230074013818 0.34249367586273277 
1.2255208939436297 0.3446947957372206 
1.249806590753704 0.34716088759625446 
1.2744740393190985 0.34990146607163497 
1.2995159867797543 0.3529267448816216 
1.3249238875400282 0.3562476763673062 
1.3506877986473989 0.3598759930019752 
1.3767962687150188 0.36382425084709025 
1.4032362201914852 0.36810587489718344 
1.4299928248164044 0.3727352062176533 
1.4570493721461522 0.3777275507329968 
1.4843871310925694 0.38309922946712394 
1.5119852044903856 0.3888676299706247 
1.5398203767993157 0.39505125859058016 
1.5678669551567919 0.4016697931449776 
1.5960966041301363 0.4087441354540891 
1.6244781746759573 0.4162964630532793 
1.652977528003189 0.42435027926348745 
1.6815573552582646 0.43293046062491164 
1.7101769942103273 0.4420633005040533 
1.7387922444151316 0.4517765474622344 
1.7673551826822589 0.46209943672319287 
1.7958139810651292 0.473062712797047 
1.8241127300401445 0.48469864100708493 
1.852191270042453 0.49704100532469847 
1.8799850350823393 0.5101250895478213 
1.9074249127774363 0.5239876384626122 
1.9344371257987811 0.5386667952121711 
1.9609431404371216 0.5542020106678568 
1.9868596087397936 0.5706339201697148 
2.012098351433126 0.5880041825881243 
2.036566389610001 0.6063552762792991 
2.060166033899318 0.6257302461884973 
2.0827950405082185 0.646172396128579 
2.10434684409461 0.6677249201663846 
2.1247108778330457 0.6904304671305144 
2.1437729912176398 0.7143306325632928 
2.1614159760284672 0.7394653730345206 
2.1775202103914912 0.7658723386767137 
2.191964429899247 0.7935861211541015 
2.2046266332407907 0.8226374161016387 
2.2153851276282825 0.8530521014192131 
2.2241197164275737 0.8848502357197199 
2.230713027743886 0.9180449847253754 
2.2350519782532423 0.9526414874712841 
2.2370293613193826 0.9886356787547768 
2.236545542462043 1.0260130892589978 
2.2335102386789516 1.0647476500164421 
2.2278443511794728 1.1048005331349862 
2.2194818140523216 1.1461190656919251 
2.208371414633836 1.1886357580560376 
2.1944785353096776 1.232267491220622 
2.177786761668265 1.2769149095915011 
2.1582992988499625 1.322462065646559 
2.136040137108428 1.3687763605836072 
2.1110549094624207 1.4157088202055488 
2.0834113891938477 1.4630947376956278 
2.0531995829970793 1.5107547046302061 
2.0205313867459105 1.5584960387948343 
1.9855397848113623 1.6061146025753548 
1.9483775900723463 1.6533969895797098 
1.9092157394090465 1.7001230405936403 
1.86824117755905 1.746068634007793 
1.825654379631772 1.7910086815548683 
1.7816665781742762 1.8347202486033216 
1.7364967733968377 1.8769857102671703 


# index 3, initial condition: (x, y) = (1.0, 0.45000000000000007): 
1.0 0.45000000000000007 
1.016635739756068 0.4501120002727811 
1.0335412518429792 0.4504506046040825 
1.050713584832508 0.45101995519468807 
1.0681492358369693 0.45182451986841327 
1.0858441106337686 0.4528691048511747 
1.1037934817935058 0.4541588679312628 
1.1219919447684525 0.45569933197240364 
1.1404333719070188 0.457496398742222 
1.1591108643705823 0.4595563630083516 
1.1780167019420689 0.4618859268425156 
1.1971422907312383 0.46449221405923136 
1.2164781088000853 0.46738278470018596 
1.2360136497534797 0.4705656494575639 
1.2557373643655316 0.47404928390946777 
1.2756366003416064 0.47784264241781876 
1.2956975403498856 0.4819551715135168 
1.3159051384953384 0.48639682256493233 
1.3362430554534495 0.4911780634937561 
1.356693592531534 0.4963098892666101 
1.3772376249824827 0.501803830851416 
1.3978545349598177 0.5076719622841345 
1.4185221445744822 0.5139269054440055 
1.4392166495932626 0.5205818320837435 
1.459912554406513 0.5276504626052998 
1.4805826089891716 0.535147061011909 
1.501197748684044 0.5430864254034453 
1.521727037749912 0.551483873315072 
1.5421376177388986 0.5603552211294209 
1.562394661897082 0.5697167567209988 
1.582461336918627 0.5795852044194073 
1.6022987735252923 0.5899776813068727 
1.6218660474881423 0.6009116437975034 
1.641120172854079 0.6124048233831253 
1.6600161092832058 0.6244751503764883 
1.678506785539966 0.6371406644407007 
1.6965431413065646 0.6504194106681525 
1.714074189595526 0.6643293199678028 
1.7310471021224896 0.6788880725420774 
1.7474073200526072 0.6941129432898785 
1.7630986925453178 0.7100206280670873 
1.7780636454829837 0.7266270498775738 
1.7922433826683255 0.7439471442635225 
1.8055781216026192 0.7619946234212418 
1.818007365699892 0.780781718894586 
1.8294702144407613 0.800318903098967 
1.8399057125128144 0.8206145904096116 
1.8492532384137799 0.8416748191112593 
1.8574529323027902 0.8635029161532595 
1.8644461620707151 0.8860991473809745 
1.8701760256641036 0.9094603567142594 
1.874587886645401 0.9335795986042951 
1.8776299388179214 0.9584457690032321 
1.8792537945080563 0.9840432410027378 
1.879415089807985 1.0103515122068853 
1.8780740987767677 1.0373448717646732 
1.8751963473216102 1.064992095754658 
1.870753216287485 1.0932561802406733 
1.8647225222317803 1.1220941217521205 
1.8570890635152162 1.1514567551326478 
1.8478451187663298 1.1812886585969793 
1.8369908845378276 1.2115281353924525 
1.8245348391261624 1.242107280643952 
1.810494020117266 1.2729521407460973 
1.7948942042824665 1.3039829710493842 
1.7777699799906792 1.3351145955823256 
1.759164704314083 1.36625687019677 
1.7391303394472417 1.3973152478792068 
1.7177271658699953 1.4281914421205197 
1.6950233727730002 1.4587841812841673 
1.6710945295196773 1.488990043978049 
1.6460229452103108 1.5187043626481933 
1.6198969266033627 1.5478221801052425 
1.5928099475936432 1.5762392415940971 
1.56485974601127 1.6038530034351774 
1.5361473655693276 1.6305636382924027 
1.5067761622553835 1.6562750168188054 
1.4768507952663361 1.680895645822344 
1.446476222695951 1.7043395441722065 
1.4157567216049407 1.726527039383799 
1.3847949508753752 1.7473854700996545 
1.3536910734476968 1.7668497824167904 
1.3225419522593869 1.784863011071308 
1.2914404315684203 1.8013766397389472 
1.2604747124819686 1.8163508380037188 
1.2297278285537023 1.8297545757491882 
1.199277224388141 1.8415656187155485 
1.1691944374118648 1.851770411636969 
1.1395448804350803 1.8603638576484436 
1.110387720407552 1.8673490044761785 
1.0817758469214749 1.8727366492735313 
1.0537559225585273 1.876544874833521 
1.0263685061254166 1.8787985303187897 
0.9996482391591142 1.8795286696384115 
0.9736240857815519 1.8787719602194066 
0.9483196160041009 1.8765700742294693 
0.9237533228772765 1.8729690733709263 
0.8999389643994077 1.86801879724957 
0.876885921787326 1.8617722640882592 
0.8545995665222672 1.854285091261271 
0.8330816294688781 1.84561494182153 
0.812330566283654 1.8358210019211212 
0.7923419142466441 1.8249634928195464 
0.7731086365387743 1.8131032200592643 
0.7546214508249887 1.8003011613815803 
0.7368691397750257 1.7866180940683298 
0.7198388418488398 1.772114261630395 
0.7035163212870128 1.7568490791222786 
0.6878862167763736 1.7408808758382146 
0.6729322687090206 1.72426667373215 
0.6586375253228699 1.707061999591929 
0.6449845283093207 1.689320728776454 
0.6319554787052535 1.671094958182222 
0.6195323840596185 1.6524349060311267 
0.6076971879867477 1.6333888360538331 
0.5964318832965687 1.6140030036720558 
0.5857186099331079 1.5943216218492677 
0.5755397389635257 1.574386844374226 
0.5658779438463591 1.5542387644577709 
0.5567162601748994 1.533915426654157 
0.5480381350443346 1.513452850258254 
0.5398274671333949 1.4928850624747585 
0.5320686385261116 1.4722441398013624 
0.5247465392297422 1.4515602562117023 
0.517846585273189 1.4308617368635537 
0.5113547311981935 1.4101751161914509 
0.505257477684644 1.389525199369459 
0.49954187498258323 1.3689351262484108 
0.4941955227577483 1.3484264369820498 
0.48920656689527675 1.3280191386580136 
0.4845636937479269 1.307731772342431 
0.4802561222609954 1.287581480031295 
0.4762735943561345 1.267584071077998 
0.4726063639104562 1.247754087734875 
0.46924518462555226 1.2281048695077417 
0.46618129704320305 1.208648616076732 
0.46340641493039647 1.1893964485847377 
0.46091271122560873 1.170358469136949 
0.4586928037108717 1.1515438183918887 
0.4567397405497254 1.132960731156415 
0.45504698580948466 1.1146165899249125 
0.45360840506709393 1.0965179763267279 
0.4524182511809768 1.078670720466259 
0.4514711502964869 1.0610799481573576 
0.45076208813962504 1.043750126068198 
0.4502863966424146 1.0266851048048355 
0.45003974093354276 1.009888159971612 
0.4500181067194155 0.9933620312546383 
0.45021778807348756 0.9771089595810153 
0.4506353756454813 0.9611307224114968 
0.4512677452967722 0.9454286672280962 
0.45211204716368675 0.9300037432809103 
0.45316569514662386 0.9148565316602958 
0.45442635681969273 0.8999872737616434 
0.455891943752866 0.8853958982104575 
0.45756060223641737 0.871082046315375 
0.45943070439557493 0.8570450961162382 
0.46150083968182454 0.8432841850934449 
0.4637698067260879 0.8297982316036144 
0.46623660553803653 0.8165859551051846 
0.46890043003504545 0.8036458952359402 
0.4717606608837049 0.7909764298027238 
0.474816858636365 0.7785757917417222 
0.47806875714486213 0.7664420851057953 
0.48151625723334074 0.7545733001333425 
0.48515942061192613 0.742967327451215 
0.4889984640128961 0.7316219714621903 
0.49303375353093687 0.7205349629655525 
0.49726579914903063 0.7097039710573813 
0.5016952494315002 0.6991266143552475 
0.5063228863657194 0.6888004715901671 
0.5111496203339779 0.6787230916068664 
0.5161764851969572 0.668892002811687 
0.5214046334702248 0.6593047221057943 
0.5268353315750797 0.649958763339762 
0.5324699551449784 0.6408516453240914 
0.5383099843686334 0.6319808994287779 
0.5443569993506986 0.6233440768036731 
0.5506126754707402 0.6149387552501013 
0.5570787787209249 0.6067625457729731 
0.563757161002545 0.5988130988415006 
0.5706497553611373 0.5910881103855571 
0.5777585711395312 0.583585327553728 
0.5850856890276872 0.5763025542581873 
0.5926332559876517 0.5692376565306805 
0.600403480031357 0.5623885677131198 
0.608398624828337 0.555753293505582 
0.6166210041197008 0.5493299168938544 
0.6250729759139169 0.5431166029780898 
0.6337569364390946 0.5371116037236099 
0.64267531382552 0.531313262654428 
0.6518305614911947 0.5257200195096621 
0.6612251512020492 0.5203304148826464 
0.6708615657773472 0.5151430948622551 
0.6807422914095683 0.5101568156956899 
0.6908698095667498 0.5053704484917809 
0.7012465884438899 0.5007829839836739 
0.7118750739285516 0.4963935373696556 
0.7227576800442808 0.49220135325076303 
0.7338967788338404 0.4882058106837606 
0.7452946896425932 0.4844064283680189 
0.7569536677606157 0.48080286998480243 
0.7688758923803276 0.47739494970745444 
0.781063453824553 0.474182637900949 
0.7935183399980233 0.47116606702925745 
0.806242422013381 0.4683455377889338 
0.8192374389407634 0.46572152548725226 
0.8325049816280587 0.46329468668311574 
0.8460464755369358 0.4610658661087792 
0.859863162537787 0.45903610389018246 
0.8739560816048092 0.45720664308333714 
0.8883260483506077 0.4555789375437437 
0.9029736333379832 0.4541546601451964 
0.917899139104982 0.4529357113635383 
0.9331025758379111 0.4519242282399166 
0.9485836356258865 0.45112259373682817 
0.9643416652296644 0.4505334464986784 
0.9803756372970668 0.45015969102666986 
0.9966841199573417 0.4500045082755134 
1.013265244727381 0.45007136667666464 
1.030116672663972 0.4503640335894497 
1.0472355586982942 0.450886587177478 
1.064618514091835 0.4516434287030518 
1.082261566956943 0.4526392952267731 
1.100160120790532 0.4538792726930988 
1.118308910976202 0.4553688093750848 
1.1367019592184757 0.4571137296428435 
1.1553325258831815 0.45912024801016726 
1.1741930602305608 0.4613949834021737 
1.1932751485426978 0.4639449735735303 
1.2125694601647161 0.46677768959161037 
1.232065691500217 0.4699010502816226 
1.2517525080260241 0.473323436511112 
1.271617484419886 0.4770537051690199 
1.2916470429278066 0.48110120266947987 
1.3118263901355984 0.4854757777824599 
1.332139452352583 0.4901877935620091 
1.3525688098645998 0.49524813810798013 
1.3730956303691408 0.5006682338584703 
1.3936996019680121 0.5064600450676543 
1.4143588661629194 0.5126360830770316 
1.4350499513772226 0.5192094089372814 
1.45574770761318 0.5261936328829119 
1.4764252429485853 0.5336029101027896 
1.497053862679947 0.5414519321866843 
1.5176030120312207 0.5497559135615503 
1.5380402234673525 0.5585305721619964 
1.5583310697799677 0.5677921035081337 
1.5784391242475628 0.5775571472918786 
1.598325929313216 0.5878427455013446 
1.6179509753673014 0.5986662910440919 
1.63727169136856 0.6100454657660969 
1.656243449181046 0.6219981667072708 
1.67481958364307 0.634542419389655 
1.6929514305125555 0.6476962769051672 
1.7105883845455536 0.661477703560696 
1.727677980054357 0.6759044418548471 
1.744165996351046 0.6909938616087588 
1.7599965905026898 0.7067627901597471 
1.7751124597961683 0.7232273226581682 
1.7894550362232553 0.7404026116921834 
1.8029647151391064 0.7583026357094884 
1.8155811200083491 0.7769399460166931 
1.8272434048213289 0.7963253925223523 
1.8378905953282547 0.8164678288539508 
1.8474619696918728 0.8373737980258735 
1.8558974784929274 0.8590472004655303 
1.8631382032332373 0.8814889469160448 
1.86912685156901 0.9046965995199209 
1.8738082864775494 0.9286640052376484 
1.8771300854255175 0.9533809266515426 
1.879043124385357 0.97883267612529 
1.8795021802652687 1.0049997602042804 
1.8784665440126247 1.0318575420149096 
1.8759006353646606 1.0593759302106067 
1.8717746090054765 1.0875191036711982 
1.8660649408032224 1.1162452816395898 
1.8587549819091618 1.1455065492233707 
1.849835467866505 1.1752487481479819 
1.8393049695656156 1.2054114422763604 
1.82717027295219 1.235927966669802 
1.813446674895249 1.2667255678308824 
1.7981581835867702 1.2977256412326077 
1.7813376132901815 1.3288440703090612 
1.7630265651738128 1.3599916687943177 
1.7432752883255538 1.3910747257043021 
1.7221424177877318 1.4219956494396355 
1.6996945894921112 1.4526537045463932 
1.6760059352062366 1.4829458317231878 
1.6511574638978563 1.5127675388354735 
1.6252363391456317 1.542013848123975 
1.5983350652294135 1.5705802826020812 
1.5705505971844829 1.598363872942689 
1.5419833922774662 1.625264165053216 
1.5127364219553652 1.6511842080953338 
1.4829141642606096 1.6760315029571515 
1.4526215969554817 1.699718892127747 
1.421963211156364 1.722165373518341 
1.3910420641758514 1.7432968229482741 
1.3599588885758147 1.7630466126655062 


# index 4, initial condition: (x, y) = (1.0, 0.5666666666666668): 
1.0 0.5666666666666668 
1.0130837442056384 0.5667776532200905 
1.0263318151470597 0.567112620721562 
1.0397391483651144 0.5676747223038336 
1.0533002318340396 0.5684673026199061 
1.0670090825563099 0.5694939016678308 
1.080859222628026 0.5707582583242682 
1.0948436548229774 0.5722643135330092 
1.1089548377535328 0.5740162130879486 
1.1231846606776221 0.5760183099427314 
1.1375244180333228 0.5782751659714426 
1.1519647837960385 0.580791553096279 
1.1664957857680178 0.5835724536891049 
1.1811067799260613 0.5866230601441588 
1.195786424970764 0.5899487735089465 
1.21052265723957 0.5935552010495614 
1.225302666166303 0.5974481526153308 
1.2401128704916897 0.6016336356558727 
1.254938895452688 0.6061178487314225 
1.269765551203124 0.6109071733447572 
1.284576812744154 0.6160081639103387 
1.2993558016702709 0.6214275356635761 
1.314084770064805 0.6271721503005714 
1.328745086907892 0.6332489991266126 
1.3433172273894236 0.6396651834802941 
1.3577807655491796 0.6464278921898334 
1.3721143706957344 0.6535443758093051 
1.386295808084302 0.6610219173756009 
1.4003019443608022 0.6688677994224682 
1.4141087583043774 0.6770892669865769 
1.427691357422496 0.6856934863428807 
1.4410240009707262 0.694687499213297 
1.4540801299821429 0.7040781722047263 
1.4668324048979844 0.7138721412505148 
1.479252751390294 0.7240757508545154 
1.4913124149574746 0.734694987969864 
1.5029820248534933 0.7457354103863639 
1.5142316678793548 0.7572020695518973 
1.5250309725198803 0.7690994278154061 
1.5353492038482566 0.7814312701524843 
1.545155369543785 0.79420061052013 
1.5544183372734575 0.8074095930851675 
1.5631069635742747 0.821059388681453 
1.5711902342397794 0.8351500869741142 
1.5786374160606358 0.849680584944213 
1.5854182195952509 0.8646484724534292 
1.5915029724529914 0.8800499158041274 
1.5968628023607407 0.8958795403734255 
1.601469829055367 0.9121303135679254 
1.6052973638030064 0.9287934295151712 
1.6083201150946325 0.9458581970746136 
1.6105143988109178 0.9633119329100698 
1.611858350893523 0.9811398615119862 
1.6123321403112547 0.9993250241852499 
1.6119181798753928 1.0178481991204515 
1.6106013322469774 1.0366878347367219 
1.6083691082985379 1.0558199985158447 
1.6052118548524092 1.0752183435338303 
1.6011229287261444 1.0948540948315808 
1.596098853980824 1.1146960576456406 
1.590139459297713 1.1347106493394543 
1.583247992508823 1.1548619566327964 
1.5754312094819598 1.175111819421719 
1.5666994348130636 1.1954199421153076 
1.557066592107987 1.2157440329929532 
1.5465502020394308 1.236039971613471 
1.5351713468368295 1.2562620037944834 
1.5229546003988654 1.2763629631386877 
1.509927923798502 1.2962945175267484 
1.4961225265648694 1.3160074384401317 
1.4815726947588146 1.3354518904379684 
1.4663155874916267 1.3545777376073056 
1.450391004150666 1.3733348633530265 
1.4338411251725074 1.3916734995084918 
1.4167102297256164 1.4095445604450847 
1.3990443941138506 1.4268999776503948 
1.3808911750748507 1.4436930301397657 
1.3622992824122495 1.4598786660697955 
1.3433182455596397 1.4754138110366932 
1.3239980787233343 1.49025765876469 
1.3043889491900449 1.5043719402136193 
1.2845408532185767 1.5177211675502358 
1.264503303669105 1.5302728499216496 
1.2443250331704325 1.5419976785255542 
1.2240537161984308 1.552869679073135 
1.2037357129532327 1.5628663303679635 
1.183415837395533 1.571968648358976 
1.1631371512508923 1.5801612356495174 
1.1429407852322844 1.587432297040484 
1.1228657881813853 1.5937736222388013 
1.1029490043028323 1.5991805373602268 
1.083224978175459 1.6036518272879352 
1.063725886780601 1.6071896313085507 
1.0444814973977328 1.6097993147312446 
1.0255191498871767 1.6114893194019642 
1.0068637616111968 1.6122709961552013 
0.9885378530389501 1.6121584223035257 
0.9705615919359932 1.6111682072559022 
0.95295285395209 1.609319289286505 
0.9357272973873454 1.606632726354297 
0.9188984499305779 1.6031314837086201 
0.9024778052190544 1.598840220816245 
0.8864749271586173 1.5937850799194384 
0.8708975600611197 1.587993478290928 
0.8557517427954284 1.5814939059978739 
0.84104192530288 1.5743157307299882 
0.8267710859923323 1.5664890109928387 
0.8129408486987929 1.5580443187211968 
0.7995515980586556 1.549012572133205 
0.7866025923201534 1.5394248794273429 
0.7740920727667571 1.5293123937230217 
0.7620173690815739 1.5187061794636811 
0.7503750001206164 1.507637090339317 
0.7391607696909424 1.4961356586437036 
0.7283698570454343 1.4842319958598644 
0.7179969019091136 1.4719557041649318 
0.7080360839424442 1.459335798461379 
0.698481196625429 1.4464006384744759 
0.6893257156129895 1.4331778704042777 
0.6805628616678834 1.419694377583028 
0.6721856583230706 1.4059762395639621 
0.6641869844618955 1.3920486990536303 
0.6565596220326246 1.377936136095496 
0.6492962991347095 1.3636620489163016 
0.642389728728519 1.3492490408571696 
0.6358326432290927 1.334718812827424 
0.6296178252485071 1.3200921607395226 
0.6237381347514792 1.3053889774072993 
0.6181865328855541 1.2906282584160478 
0.6129561027412437 1.2758281115010262 
0.6080400672893699 1.261005769000097 
0.603431804733103 1.2461776029758393 
0.5991248615011918 1.2313591426321122 
0.5951129630970419 1.2165650936793302 
0.5913900230059042 1.2018093593312917 
0.5879501498497673 1.1871050626440518 
0.5847876529668113 1.1724645699338456 
0.5818970465796588 1.157899515036313 
0.579273052704299 1.1434208241931487 
0.5769106029395632 1.1290387413747531 
0.5748048392654895 1.1147628538684378 
0.572951113967891 1.1006021179812733 
0.5713449887959747 1.086564884724741 
0.56998223344998 1.0726589253650196 
0.568858823486521 1.0588914567380372 
0.5679709377206416 1.0452691662424174 
0.5673149551955025 1.0317982364361846 
0.5668874517831178 1.0184843691746648 
0.5666851964726164 1.0053328092374725 
0.5667051473960992 0.9923483674018934 
0.5669444476362774 0.9795354429284272 
0.5674004208546704 0.9668980454318098 
0.5680705667741986 0.9544398161175679 
0.5689525565454874 0.9421640483701313 
0.5700442280220752 0.9300737076838016 
0.5713435809659749 0.9181714509325153 
0.5728487722016207 0.9064596449784029 
0.5745581107331412 0.8949403846226766 
0.5764700528370924 0.8836155099054411 
0.5785831971402361 0.8724866227636556 
0.5808962796896483 0.8615551030587151 
0.5834081690203525 0.850822123987027 
0.5861178612237835 0.8402886668885446 
0.5890244750186735 0.829955535469539 
0.5921272468244019 0.8198233694569598 
0.5954255258354378 0.8098926577025943 
0.5989187690942244 0.8001637507558961 
0.6026065365586858 0.7906368729248497 
0.6064884861594717 0.7813121338445922 
0.6105643688410749 0.7721895395737266 
0.6148340235800606 0.7632690032383784 
0.6192973723728135 0.7545503552440535 
0.6239544151844405 0.7460333530752903 
0.628805224849745 0.7377176907029572 
0.633849941916517 0.7296030076188433 
0.6390887694207452 0.7216888975169417 
0.6445219675827552 0.7139749166405271 
0.6501498484126984 0.7064605918138025 
0.6559727702132684 0.699145428176524 
0.6619911319669791 0.6920289166396362 
0.6682053675948287 0.6851105410795402 
0.6746159400726626 0.6783897852881992 
0.6812233353910572 0.6718661396958522 
0.688028056344062 0.6655391078826615 
0.6950306161316596 0.6594082128951648 
0.7022315317603399 0.6534730033829416 
0.7096313172257196 0.6477330595704299 
0.7172304764606937 0.6421879990783533 
0.7250294960321616 0.6368374826087265 
0.7330288375689425 0.6316812195069119 
0.741228929903083 0.6267189732136882 
0.7496301609063604 0.6219505666197667 
0.758232869003415 0.6173758873346497 
0.7670373343425931 0.612994892881162 
0.7760437696052668 0.6088076158263999 
0.7852523104341217 0.6048141688592228 
0.7946630054606704 0.6010147498237657 
0.8042758059120722 0.5974096467177518 
0.8140905547772296 0.59399924266365 
0.8241069755120956 0.5907840208599245 
0.8343246602641763 0.5877645695187652 
0.8447430575963716 0.5849415867957566 
0.8553614596905663 0.5823158857159296 
0.8661789890117969 0.5798883990995317 
0.877194584414382 0.5776601844896359 
0.8884069866721482 0.5756324290823759 
0.8998147234158267 0.573806454659126 
0.9114160934618689 0.5721837225183248 
0.9232091505183583 0.5707658384028568 
0.9351916862554142 0.5695545574169336 
0.9473612127295266 0.568551788924241 
0.9597149441536651 0.5677596014167102 
0.972249778007814 0.5671802273406246 
0.9849622754878407 0.5668160678638376 
0.9978486412943577 0.566669697564662 
1.0109047027675386 0.5667438690194286 
1.0241258883787494 0.5670415172618181 
1.0375072055954215 0.5675657640827761 
1.0510432181418803 0.568319922135131 
1.0647280226859162 0.5693074988018916 
1.078555224988816 0.5705321997816 
1.092517915565428 0.571997932338009 
1.1066086449106847 0.5737088081547248 
1.1208193983599248 0.5756691457282763 
1.135141570662421 0.5778834722253255 
1.1495659403607763 0.5803565247213941 
1.1640826440834033 0.5830932507295468 
1.1786811508731736 0.5860988079179364 
1.1933502366925817 0.5893785629049826 
1.2080779592644697 0.5929380890102481 
1.2228516334274957 0.5967831628278298 
1.2376578072071398 0.6009197594773327 
1.252482238826105 0.6053540463753383 
1.267309874902432 0.6100923753577867 
1.2821248301094474 0.6151412729710034 
1.296910368598683 0.6205074287363731 
1.311648887514975 0.6261976811810781 
1.3263219029618696 0.632219001415128 
1.3409100388049275 0.6385784740233834 
1.3553930187302226 0.6452832750307613 
1.3697496620047953 0.6523406466896873 
1.383957883414575 0.6597578688315952 
1.3979946978826923 0.6675422265193689 
1.4118362302964607 0.6757009737356723 
1.4254577310937835 0.6842412928437606 
1.4388335981784155 0.69317024956334 
1.4519374057473047 0.7024947432151106 
1.4647419406210151 0.7122214520046428 
1.4772192466686882 0.7223567731400721 
1.4893406779107747 0.7329067576096827 
1.501076960864401 0.7438770394857029 
1.512398266666198 0.7552727596704845 
1.5232742934641774 0.7670984840615499 
1.5336743595122548 0.7793581161835582 
1.543567507326804 0.79205480441872 
1.552922619172858 0.8051908440630707 
1.561708544037054 0.8187675745445204 
1.5698942361142905 0.8327852722596785 
1.5774489046847853 0.8472430396196609 
1.5843421750877054 0.8621386910395475 
1.5905442603072832 0.8774686367604635 
1.5960261424784457 0.8932277655554482 
1.6007597633933526 0.9094093275377363 
1.6047182228505668 0.9260048184595209 
1.6078759834384722 0.9430038670567397 
1.6102090800885516 0.9603941271562352 
1.6116953324777443 0.9781611764104954 
1.6123145581087248 0.9962884236561781 
1.6120487836598518 1.0147570269994257 
1.6108824519807 1.03354582480695 
1.6088026219229978 1.0526312818203072 
1.6057991580492361 1.0719874526051614 
1.6018649071609083 1.0915859644916193 
1.596995858543681 1.1113960220506676 
1.591191284845299 1.1313844349813125 
1.5844538605901264 1.1515156710506387 
1.5767897554965968 1.1717519354339936 
1.5682087000032359 1.1920532774462795 
1.5587240207255952 1.212377725241723 
1.548352643958035 1.2326814485947912 
1.5371150657955361 1.2529189493679844 
1.5250352879734244 1.2730432787343158 
1.5121407190960006 1.2930062796668853 
1.4984620415349117 1.3127588526503144 
1.484033044908785 1.3322512420255448 
1.4688904276895902 1.3514333398678597 
1.4530735690997754 1.3702550038352017 
1.4366242740485804 1.388666385026327 
1.4195864943877285 1.406618261570919 
1.4020060302289814 1.4240623734489843 
1.3839302154440247 1.4409517539142216 
1.3654075917488806 1.4572410528816797 
1.346487575951981 1.472886847736085 
1.327220125012454 1.487847937221973 
1.3076554035123213 1.502085614384433 
1.2878434579964353 1.5155639149304085 
1.2678339023840934 1.5282498378623457 
1.24767561831675 1.540113535783117 
1.2274164738902755 1.5511284728661838 
1.207103063743126 1.5612715491093507 


# index 5, initial condition: (x, y) = (1.0, 0.6833333333333333): 
1.0 0.6833333333333333 
1.0095442828212882 0.6834310193982733 
1.0191736709480472 0.6837253430120244 
1.0288827630553783 0.6842182501904678 
1.0386658691286335 0.6849117499647708 
1.048517001002249 0.6858079131662274 
1.0584298630967617 0.6869088707748474 
1.06839784340721 0.6882168117987948 
1.0784140048009503 0.6897339806496446 
1.0884710766879386 0.6914626739762985 
1.0985614471317575 0.6934052369182869 
1.1086771554750616 0.6955640587371341 
1.1188098855586597 0.697941567782476 
1.1289509596191027 0.7005402257477603 
1.1390913329553791 0.7033625211686405 
1.1492215894610662 0.7064109621156577 
1.1593319381240106 0.7096880680315352 
1.1694122106012295 0.7131963606624384 
1.1794518599821722 0.7169383540319497 
1.1894399608586712 0.7209165434063342 
1.199365210824737 0.7251333932000066 
1.2092159335337114 0.7295913237710304 
1.2189800834440694 0.7342926970580766 
1.2286452523882028 0.7392398010126304 
1.2381986781007015 0.7444348327834608 
1.2476272548438019 0.7498798806145567 
1.256917546267633 0.7555769044229953 
1.2660558006414817 0.7615277150296395 
1.2750279685893282 0.7677339520232781 
1.2838197234581912 0.7741970602479177 
1.2924164844411574 0.7809182649135096 
1.3008034425681718 0.7878985453425431 
1.3089655896665306 0.7951386073787204 
1.3168877503793746 0.802638854499424 
1.32455461731414 0.8103993576909265 
1.3319507893737663 0.8184198241642908 
1.339060813301319 0.8266995650106476 
1.3458692284435232 0.8352374619169756 
1.3523606147104155 0.844031933087539 
1.3585196436769644 0.8530808985416277 
1.3643311327380896 0.8623817449850028 
1.3697801021912015 0.8719312904802211 
1.3748518350803502 0.8817257491694923 
1.3795319395936136 0.8917606963325235 
1.3838064137608483 0.9020310340905064 
1.3876617121528139 0.912530958095471 
1.391084814235548 0.9232539255711097 
1.3940632939863622 0.9341926250962251 
1.396585390330692 0.9453389485444832 
1.398640077913147 0.9566839656134336 
1.4002171376723427 0.9682179013910136 
1.4013072266485112 0.9799301174182039 
1.4019019464164786 0.99180909671137 
1.401993909505485 1.0038424332063336 
1.4015768031425708 1.0160168260776745 
1.400645449638951 1.0283180793705058 
1.3991958627299474 1.0407311073574748 
1.3972252991795915 1.0532399460005906 
1.3947323049717573 1.0658277708554238 
1.3917167554312817 1.0784769217041925 
1.388179888651452 1.0911689341443758 
1.3841243316487206 1.1038845782911524 
1.379554118721537 1.1166039046757463 
1.3744747015574774 1.129306297338525 
1.3688929507108296 1.14197053402655 
1.3628171481605875 1.154574853311546 
1.3562569707552525 1.167097028347505 
1.3492234644544867 1.179514446889114 
1.3417290093868184 1.1918041970948017 
1.3337872758553255 1.2039431585434468 
1.3254131715374273 1.2159080978037522 
1.316622780238365 1.2276757678120243 
1.3074332926683576 1.2392230102396216 
1.2978629298184803 1.2505268599675061 
1.287930859607819 1.2615646507338487 
1.2776571075623104 1.2723141209829283 
1.2670624623619926 1.282753518920766 
1.2561683771565542 1.2928617057758423 
1.2449968675977612 1.3026182562722743 
1.2335704075705969 1.3120035553480065 
1.2219118236222073 1.3209988901915166 
1.2100441890888127 1.3295865367264939 
1.1979907189058472 1.3377498397437593 
1.1857746660563317 1.3454732859619223 
1.1734192205678384 1.3527425693911124 
1.1609474119106469 1.3595446484756224 
1.1483820155804054 1.3658677945992779 
1.1357454645695613 1.3717016316495316 
1.1230597663449755 1.3770371664503949 
1.110346425856518 1.3818668099880593 
1.0976263750051294 1.3861843894642927 
1.0849199089008854 1.3899851513193555 
1.0722466291439727 1.393265755466495 
1.0596253942660112 1.3960242610724178 
1.0470742773774973 1.3982601043012417 
1.0346105309807563 1.3999740685122295 
1.0222505588278854 1.4011682474634182 
1.0100098946307354 1.4018460021236192 
0.9979031873657428 1.4020119117340413 
0.985944192860872 1.4016717197880995 
0.9741457713053067 1.4008322756141565 
0.9625198902848768 1.3995014722515788 
0.9510776329173602 1.3976881813063022 
0.9398292106414156 1.3954021854589638 
0.9287839802005194 1.3926541092775655 
0.9179504643582893 1.3894553489586121 
0.9073363758833068 1.3858180015868136 
0.8969486443492642 1.3817547944648445 
0.8867934453091731 1.3772790150223764 
0.8768762314197056 1.3724044417686672 
0.8672017651127106 1.3671452767063832 
0.8577741524348068 1.3615160795769037 
0.8485968777019856 1.3555317042599524 
0.8396728386436999 1.3492072376036894 
0.8310043817393599 1.342557940916012 
0.8225933374789659 1.3355991943042589 
0.8144410553083062 1.328346444009212 
0.8065484380473174 1.3208151528405632 
0.7989159755975145 1.3130207537851024 
0.7915437777805593 1.304978606825972 
0.7844316061748265 1.296703958981465 
0.7775789048400921 1.2882119075451088 
0.7709848298420721 1.2795173664851076 
0.7646482775084362 1.2706350359405514 
0.7585679113660447 1.2615793747340514 
0.7527421877255391 1.252364575805464 
0.7471693798940637 1.2430045444589817 
0.7418476010098644 1.2335128793059027 
0.7367748255038752 1.2239028557776737 
0.731948909203238 1.2141874120781133 
0.7273676081001044 1.204379137439901 
0.7230285958161417 1.1944902625482305 
0.7189294797990055 1.1845326519938197 
0.7150678162917644 1.1745177986180382 
0.7114411241199632 1.1644568196145872 
0.7080468973437988 1.1543604542548034 
0.7048826168248586 1.144239063107067 
0.7019457607581208 1.134102628624882 
0.6992338142205388 1.1239607569827976 
0.6967442777876084 1.1138226810443521 
0.6944746752689197 1.103697264351559 
0.6924225606129044 1.0935930060309886 
0.6905855240298644 1.08351804651718 
0.6889611973809673 1.0734801739998638 
0.6875472588792739 1.0634868315072192 
0.6863414371470704 1.0535451245430911 
0.6853415146718481 1.0436618292016906 
0.6845453307012542 1.0338434006887811 
0.6839507836152504 1.024095982183667 
0.6835558328115927 1.0144254139814273 
0.6833585001386144 1.0048372428597696 
0.6833568709071646 0.99533673161959 
0.6835490945114525 0.9859288687528089 
0.6839333846864856 0.9766183781953105 
0.6845080194277704 0.9674097291268303 
0.6852713405969922 0.9583071457834228 
0.6862217532354947 0.9493146172516892 
0.687357724605562 0.9404359072172718 
0.6886777829777584 0.9316745636432162 
0.6901805161809094 0.9230339283566861 
0.6918645699297178 0.9145171465251829 
0.6937286459434945 0.9061271760058935 
0.695771499868047 0.897866796554062 
0.6979919390114131 0.8897386188783715 
0.7003888199028436 0.8817450935332383 
0.7029610456832307 0.8738885196396661 
0.7057075633340419 0.8661710534279007 
0.7086273607507559 0.8585947165965669 
0.7117194636657954 0.8511614044842727 
0.7149829324250209 0.8438728940508358 
0.7184168586209778 0.8367308516663401 
0.7220203615852795 0.8297368407071575 
0.7257925847417556 0.8228923289589 
0.7297326918213006 0.8161986958269905 
0.7338398629387141 0.8096572393561703 
0.7381132905312325 0.8032691830608039 
0.7425521751579184 0.7970356825682999 
0.747155721158574 0.7909578320783517 
0.7519231321704144 0.7850366706410066 
0.7568536065003322 0.7792731882568185 
0.7619463323502431 0.7736683318025105 
0.7672004828927009 0.7682230107856957 
0.7726152111937123 0.762938102932257 
0.7781896449794807 0.7578144596099957 
0.7839228812436448 0.7528529110921048 
0.78981398069147 0.7480542716639245 
0.7958619620173916 0.7434193445762881 
0.8020657960122999 0.7389489268485692 
0.8084243994970082 0.7346438139242921 
0.8149366290784456 0.7305048041818826 
0.8216012747252852 0.7265327033027891 
0.8284170531599446 0.7227283284988272 
0.8353826010641919 0.7190925126001609 
0.8424964680959597 0.715626108004857 
0.849757109715412 0.7123299904904178 
0.8571628798188353 0.7092050628871173 
0.864712023179539 0.7062522586123344 
0.8724026676956539 0.7034725450643894 
0.8802328164455262 0.7008669268736493 
0.8882003395523144 0.6984364490078707 
0.8963029658604221 0.6961821997278865 
0.9045382744275509 0.6941053133888236 
0.9129036858374278 0.6922069730810533 
0.9213964533396846 0.6904884131040214 
0.9300136538249216 0.688950921264987 
0.9387521786447097 0.6875958409934978 
0.9476087242881635 0.686424573261171 
0.9565797829287767 0.6854385782949978 
0.9656616328574488 0.684639377070974 
0.9748503288200601 0.6840285525733591 
0.9841416922805878 0.6836077508032888 
0.9935313016335913 0.6833786815188112 
1.0030144823929543 0.6833431186866858 
1.012586297387048 0.6835029006244752 
1.0222415369939888 0.6838599298095818 
1.0319747094544025 0.684416172329939 
1.041780031303084 0.6851736569490579 
1.0516514179651482 0.6861344737560773 
1.0615824745667115 0.6873007723693689 
1.071566487014815 0.6886747596601235 
1.081596413406182 0.6902586969602119 
1.0916648758295044 0.692054896716488 
1.1017641526312234 0.6940657185516053 
1.1118861712202224 0.6962935646893824 
1.122022501492431 0.6987408747008074 
1.1321643499620182 0.7014101195249427 
1.1423025546915984 0.7043037947173428 
1.1524275811196176 0.7074244128771439 
1.1625295188887892 0.710774495202808 
1.172598079785017 0.7143565621256418 
1.1826225969016264 0.7181731229697321 
1.1925920251487987 0.7222266645869232 
1.2024949432328076 0.7265196389159695 
1.2123195572338348 0.7310544494161244 
1.2220537059147034 0.7358334363272512 
1.231684867895658 0.7408588607111702 
1.2412001708321885 0.7461328872324751 
1.2505864027336948 0.7516575656415663 
1.2598300255603314 0.7574348109282756 
1.2689171912334913 0.7634663821212785 
1.2778337601918854 0.7697538597166353 
1.2865653226198646 0.7762986217283573 
1.295097222467313 0.7831018183649545 
1.3034145843709222 0.7901643453485849 
1.3115023435747457 0.7974868159077405 
1.3193452789334517 0.8050695314904556 
1.3269280490644761 0.812912451262814 
1.334235231695184 0.8210151604770884 
1.3412513662280585 0.8293768378151287 
1.3479609995207869 0.8379962218355691 
1.354348734848849 0.846871576677938 
1.3603992839858778 0.8560006572026648 
1.3660975223017064 0.8653806737730914 
1.3714285467398233 0.8750082569136232 
1.3763777364951169 0.8848794221067846 
1.3809308161696427 0.8949895350207618 
1.3850739211390706 0.9053332774875741 
1.3887936648159744 0.9159046145797721 
1.3920772074487944 0.9266967631599352 
1.394912326047826 0.9377021623015633 
1.3972874849827595 0.9489124460015436 
1.3991919067509642 0.9603184186224579 
1.4006156423728553 0.9719100335168177 
1.4015496408312977 0.9836763752940761 
1.4019858169371522 0.9956056461942037 
1.4019171169738587 1.007685157027959 
1.4013375814514426 1.0199013231330676 
1.4002424042855988 1.032239665776705 
1.3986279877115377 1.0446848194074865 
1.3964919922459749 1.0572205451242085 
1.3938333810247607 1.06982975068369 
1.3906524578688024 1.0824945173161997 
1.3869508984674925 1.0951961335543525 
1.3827317741170162 1.1079151362104374 
1.3779995675105476 1.1206313585586003 
1.3727601801481042 1.1333239856930646 
1.3670209310150192 1.145971616942814 
1.3607905462686716 1.1585523351283 
1.3540791397720053 1.171043782348379 
1.3468981844179624 1.1834232418876485 
1.3392604742994518 1.1956677257375734 
1.3311800778929122 1.2077540671313074 
1.3226722825377324 1.219659017404001 
1.3137535306065313 1.2313593464096977 
1.3044413478702546 1.2428319456546204 
1.2947542646649526 1.2540539332465594 
1.2847117305617675 1.2650027597128162 
1.2743340233260476 1.2756563137060575 
1.2636421530238227 1.2859930265995478 
1.2526577621925727 1.295991974971216 
1.2414030230371123 1.3056329799901694 
1.2299005326396417 1.3148967027495073 
1.2181732071851459 1.3237647346350876 
1.2062441761992861 1.332219681880383 
1.1941366777760853 1.3402452435314893 
1.1818739557377673 1.3478262821321323 
1.169479159620158 1.354948886534339 
1.1569752483154625 1.3616004263442238 
1.1443848981316522 1.367769597621901 
1.1317304159459576 1.3734464595675835 


# index 6, initial condition: (x, y) = (1.0, 0.8): 
1.0 0.8 
1.0060173106185561 0.8000721431389467 
1.0120664419863798 0.8002891377798441 
1.0181430956928967 0.8006518147403526 
1.0242428421340666 0.8011609805492275 
1.030361119435935 0.801817415329926 
1.0364932326659084 0.8026218704356595 
1.0426343533550826 0.8035750658290979 
1.0487795193556426 0.8046776872001606 
1.0549236350579783 0.8059303828156202 
1.061061471992711 0.8073337600946271 
1.0671876698432867 0.8088883819047372 
1.07329673789515 0.8105947625735928 
1.0793830569477492 0.8124533636120904 
1.085440881715734 0.8144645891456672 
1.091464343745651 0.8166287810512606 
1.097447454874237 0.818946213798557 
1.1033841112540002 0.8214170889953486 
1.1092680979711795 0.8240415296381681 
1.115093094280338 0.8268195740708892 
1.1208526794787765 0.8297511696556553 
1.1265403394426214 0.8328361661623503 
1.1321494738448319 0.836074308884852 
1.137673404073462 0.8394652314945128 
1.1431053818663 0.8430084486437002 
1.1484385986754613 0.8467033483347959 
1.1536661957726264 0.8505491840727984 
1.1587812751023852 0.8545450668225931 
1.163776910887553 0.8586899567950383 
1.1686461619863735 0.8629826550892566 
1.173382084997199 0.8674217952218998 
1.1779777481015639 0.8720058345776606 
1.1824262456315273 0.87673304581891 
1.18672071334179 0.8816015082960169 
1.190854344361389 0.886609099503637 
1.1948204057937772 0.8917534866319914 
1.1986122559278325 0.8970321182658678 
1.2022233620158413 0.9024422162877122 
1.2056473185678267 0.9079807680446992 
1.208877866104768 0.9136445188430167 
1.2119089103063767 0.9194299648357172 
1.2147345414821844 0.9253333463733243 
1.217349054287871 0.931350641888864 
1.219746967602057 0.9374775623910588 
1.2219230444723252 0.9437095466410141 
1.2238723120330866 0.950041757088763 
1.2255900812921638 0.9564690766464681 
1.2270719666777516 0.962986106374826 
1.2283139052327865 0.9695871641582308 
1.2293121753398606 0.976266284442469 
1.230063414856714 0.9830172191060824 
1.2305646385401456 0.9898334395330147 
1.2308132546349835 0.9967081399497064 
1.2308070805046283 1.0036342420844064 
1.230544357180715 1.0106044012001107 
1.2300237627116688 1.0176110135452214 
1.229244424193437 1.02464622525776 
1.2282059283704727 1.031701942749804 
1.2269083307011523 1.038769844588783 
1.2253521627892294 1.045841394881447 
1.2235384380916354 1.0529078581547886 
1.221468655822893 1.0599603157160462 
1.2191448029875471 1.0669896834612775 
1.2165693544842566 1.0739867310889863 
1.2137452712384236 1.080942102662063 
1.2106759963343328 1.087846338448014 
1.2073654491325971 1.0946898979542896 
1.2038180173740851 1.1014631840626266 
1.2000385472872708 1.1081565681538998 
1.1960323317319048 1.1147604161032036 
1.1918050964278606 1.1212651150139257 
1.1873629843337514 1.1276611005496258 
1.182712538255255 1.133938884713736 
1.1778606817777915 1.1400890839196196 
1.1728146986321029 1.1461024471874932 
1.1675822106141849 1.1519698843002486 
1.1621711541927335 1.157682493747395 
1.1565897559476603 1.1632315902852632 
1.1508465069921354 1.1686087319422886 
1.144950136537942 1.173805746300668 
1.138909584769566 1.1788147558899191 
1.1327339751963492 1.1836282025338511 
1.1264325866541527 1.188238870500085 
1.1200148251283246 1.1926399083104744 
1.1134901955683323 1.1968248490814262 
1.1068682738612898 1.2007876292750836 
1.1001586791268267 1.2045226057554372 
1.0933710464894204 1.208024571057508 
1.086515000476575 1.2112887667925925 
1.079600129182193 1.2143108951279937 
1.0726359593243302 1.2170871282954592 
1.0656319323153922 1.219614116098523 
1.0585973814509249 1.2218889914048818 
1.0515415103106112 1.2239093736256395 
1.0444733724521407 1.2256733701985425 
1.0374018524654072 1.2271795761070203 
1.0303356484412038 1.228427071480787 
1.0232832558953993 1.22941541733681 
1.0162529531766242 1.2301446495314838 
1.0092527883729492 1.230615271005765 
1.0022905677209877 1.2308282424147396 
0.9953738455094637 1.2307849712415606 
0.9885099154585966 1.2304872995028537 
0.9817058035467965 1.2299374901585487 
0.9749682622471653 1.2291382123436312 
0.9683037661282176 1.2280925255425676 
0.9617185087661095 1.2268038628291513 
0.9552184009094865 1.225276013295319 
0.94880906983285 1.2235131037921463 
0.9424958598100772 1.2215195801048309 
0.9362838336363775 1.2193001876810992 
0.9301777751245026 1.2168599520292074 
0.9241821924994055 1.214204158897658 
0.9183013226146932 1.2113383343440134 
0.912539135914112 1.2082682247948557 
0.90689934206185 1.2049997771931176 
0.9013853961665979 1.2015391193227936 
0.8960005055259922 1.197892540394522 
0.8907476368202226 1.194066471968801 
0.8856295236861379 1.190067469286746 
0.8806486746060808 1.1859021930713904 
0.8758073810488467 1.1815773918556551 
0.8711077258035499 1.1770998848863123 
0.8665515914507218 1.1724765456466255 
0.862140668918625 1.1677142860338905 
0.8578764660764823 1.1628200412218883 
0.8537603163200591 1.1578007552323182 
0.8497933871087571 1.1526633672336422 
0.8459766884170454 1.1474147985804615 
0.8423110810666431 1.1420619406015786 
0.8387972849093478 1.136611643140287 
0.8354358868337605 1.1310707038461834 
0.8322273485723662 1.1254458582139097 
0.8291720142884867 1.1197437703607158 
0.8262701179255019 1.1139710245315608 
0.8235217903034548 1.108134117317662 
0.8209270659506827 1.1022394505719142 
0.8184858896604685 1.09629332500245 
0.8161981227648819 1.0903019344237643 
0.8140635491199637 1.0842713606432672 
0.8120818807982308 1.0782075689598558 
0.8102527634861204 1.0721164042500655 
0.8085757815854756 1.0660035876165808 
0.8070504630194988 1.0598747135733184 
0.8056762837447736 1.0537352477409327 
0.8044526719719882 1.0475905250264093 
0.8033790120988936 1.0414457482603994 
0.802454648359804 1.0353059872660813 
0.8016788881966059 1.0291761783335902 
0.801051005356796 1.0230611240744485 
0.800570242724517 1.016965493630896 
0.8002358148909308 1.0108938232155962 
0.8000469104705419 1.0048505169578237 
0.8000026941703 0.9988398480329488 
0.8001023086184464 0.9928659600527755 
0.800344875960153 0.9869328686950848 
0.8007294992270355 0.9810444635515515 
0.801255263487604 0.9752045101740427 
0.8019212367856623 0.9694166523001593 
0.8027264708735765 0.9636844142397392 
0.8036700017472193 0.9580112034049021 
0.8047508499892543 0.9524003129670643 
0.8059680209272662 0.9468549246251954 
0.807320504613069 0.9413781114704138 
0.8088072756293411 0.9359728409328243 
0.8104272927295415 0.9306419777972853 
0.8121794983168723 0.9253882872755521 
0.8140628177678488 0.9202144381229728 
0.8160761586058531 0.9151230057886169 
0.8182184095298523 0.9101164755883868 
0.8204884393032827 0.9051972458912989 
0.8228850955079309 0.9003676313097292 
0.8254072031674751 0.8956298658849883 
0.8280535632452106 0.8909861062601268 
0.8308229510203409 0.8864384348323759 
0.8337141143471043 0.881988862878096 
0.8367257718009056 0.877639333643536 
0.8398566107155391 0.873391725395112 
0.843105285115533 0.8692478544232706 
0.8464704135476044 0.8652094779943391 
0.8499505768152001 0.8612782972450627 
0.8535443156201039 0.8574559600147919 
0.8572501281151287 0.8537440636105215 
0.861066467371966 0.8501441575001829 
0.864991738768354 0.8466577459297656 
0.8690242972988368 0.8432862904599877 
0.8731624448135322 0.8400312124183492 
0.8774044271894932 0.8368938952624904 
0.8817484314394524 0.8338756868508356 
0.8861925827629712 0.8309779016165404 
0.8907349415452782 0.8282018226407665 
0.8953735003093796 0.8255487036212967 
0.9001061806273525 0.8230197707324642 
0.9049308299970976 0.8206162243723104 
0.9098452186912215 0.8183392407928097 
0.9148470365851522 0.8161899736088971 
0.9199338899720588 0.8141695551819204 
0.9251032983726429 0.8122790978730063 
0.9303526913484073 0.8105196951616813 
0.9356794053275772 0.8088924226249264 
0.9410806804534512 0.8073983387716761 
0.9465536574655949 0.8060384857275873 
0.9520953746249637 0.8048138897647164 
0.9577027646947344 0.8037255616705504 
0.9633726519893621 0.8027744969506407 
0.9691017495051304 0.801961675858893 
0.9748866561462494 0.8012880632493772 
0.9807238540613591 0.8007546082433339 
0.986609706106122 0.8003622437048808 
0.992540453448428 0.8001118855187629 
0.9985122133335874 0.8000044316633472 
1.0045209770277448 0.800040761071948 
1.0105626079586056 0.8002217322754738 
1.0166328400734217 0.8005481818193354 
1.0227272764350215 0.8010209224475342 
1.0288413880774896 0.8016407410468778 
1.0349705131438955 0.8024083963443512 
1.0411098563292192 0.8033246163508099 
1.0472544886523258 0.8043900955443616 
1.0533993475814882 0.8056054917870871 
1.05953923753852 0.8069714229691036 
1.0656688308070716 0.8084884633744261 
1.0717826688710244 0.810157139763626 
1.0778751642091868 0.8119779271689411 
1.0839406025726395 0.813951244398259 
1.0899731457710635 0.8160774492452866 
1.0959668349942202 0.8183568334042461 
1.1019155946943917 0.8207896170886035 
1.1078132370550426 0.8233759433546499 
1.1136534670701852 0.8261158721322314 
1.119429888257927 0.8290093739665587 
1.1251360090304074 0.8320563234768357 
1.1307652497407963 0.8352564925394255 
1.136310950426191 0.8386095432054377 
1.1417663792631165 0.8421150203649574 
1.1471247417498636 0.8457723441726636 
1.1523791906271073 0.849580802252281 
1.1575228365451025 0.8535395417001929 
1.1625487594822452 0.8576475609115789 
1.1674500209159318 0.8619037012556533 
1.1722196767424113 0.8663066386299175 
1.176850790937743 0.870854874926823 
1.1813364499470145 0.8755467294498182 
1.1856697777836929 0.8803803303194195 
1.189843951815353 0.8853536059136653 
1.193852219206107 0.8904642763910461 
1.1976879139798555 0.8957098453477298 
1.201344474662037 0.9010875916645553 
1.2048154624509169 0.9065945616028241 
1.2080945798626677 0.9122275612113129 
1.2111756897876127 0.9179831491101114 
1.2140528348881043 0.9238576297197999 
1.2167202572616467 0.9298470470070563 
1.2191724182861334 0.9359471788199604 
1.221404018557543 0.9421535318879762 
1.2234100178241953 0.9484613375627801 
1.2251856548158284 0.9548655483766821 
1.2267264668603908 0.9613608354953188 
1.2280283091766704 0.9679415871404901 
1.22908737372679 0.9746019080574324 
1.2299002075092917 0.9813356200984018 
1.2304637301711063 0.9881362639911392 
1.2307752508152479 0.9949971023565767 
1.2308324838806763 1.0019111240349814 
1.230633563971503 1.0088710497736133 
1.2301770595146475 1.0158693393218963 
1.22946198512824 1.0228981999720728 
1.2284878125875274 1.029949596574366 
1.2272544802808323 1.037015263045853 
1.2257624010552033 1.044086715381619 
1.2240124683597866 1.0511552661653953 
1.2220060606046026 1.0582120405648752 
1.2197450436632604 1.065247993784373 
1.217231771460122 1.0722539299345644 
1.2144690845954191 1.079220522265857 
1.211460306975728 1.086138334698666 
1.208209240431857 1.0929978445706454 
1.204720157321468 1.0997894665079588 
1.2009977911294307 1.1065035773151117 
1.1970473250948417 1.113130541765917 
1.1928743789096155 1.1196607391669908 
1.1884849935493684 1.1260845905549561 
1.1838856143127716 1.1323925863794377 
1.1790830721604402 1.1385753145161126 
1.1740845634585422 1.1446234884476731 
1.16889762824548 1.1505279754456985 
1.1635301271520189 1.1562798245831958 
1.1579902171159715 1.1618702944060535 
1.1522863260418295 1.1672908800918937 
1.146427126563464 1.1725333399268345 
1.14042150907408 1.1775897209344774 
1.1342785541919453 1.1824523834969862 
1.1280075048329872 1.187114024815353 
1.121617738062125 1.1915677010647756 
1.1151187368942213 1.195806848111374 
1.1085200622128122 1.1998253006681272 
1.1018313249704008 1.203617309780749 
1.0950621588281413 1.2071775585480697 
1.0882221933853427 1.2105011759961708 
1.0813210281404946 1.2135837490408214 


