# numerical result for logistic equation: 
# dx/dt = 2.8 * (1-x) * x. 
# initial condition: x0 = 0.5 
0.0 0.5 
1.0 0.7 
2.0 0.588 
3.0 0.6783167999999999 
4.0 0.610968732745728 
5.0 0.66552063298786 
6.0 0.6232881761548348 
7.0 0.6574400717371602 
8.0 0.630595346671914 
9.0 0.6522455951973992 
10.0 0.635099580480371 
11.0 0.6488946893912777 
12.0 0.6379250401190097 
13.0 0.6467347132628748 
14.0 0.6397129869862533 
15.0 0.6453447875486612 
16.0 0.6408496996508166 
17.0 0.6444518139031693 
18.0 0.6415742856882355 
19.0 0.6438788205692244 
20.0 0.6420368779765049 
21.0 0.6435114708251248 
22.0 0.6423324816765061 
23.0 0.6432761010474597 
24.0 0.6425214848321867 
25.0 0.6431253538114404 
26.0 0.64264237266978 
27.0 0.6430288298535798 
28.0 0.642719710726004 
29.0 0.6429670356768 
30.0 0.642769194787408 
31.0 0.6429274796553144 
32.0 0.6428008595662631 
33.0 0.642902160619982 
34.0 0.6428211229723945 
35.0 0.6428859551321316 
36.0 0.6428340907127397 
37.0 0.6428755830847416 
38.0 0.6428423897229463 
39.0 0.6428689447550663 


