# numerical result for logistic equation: 
# dx/dt = 1.2 * (1-x) * x. 
# initial condition: x0 = 0.5 
0.0 0.5 
1.0 0.3 
2.0 0.252 
3.0 0.22619519999999999 
4.0 0.21003711779635195 
5.0 0.199105832332984 
6.0 0.1913552398367684 
7.0 0.18568609442853748 
8.0 0.18144812251729647 
9.0 0.17822964162269356 
10.0 0.1757566037636877 
11.0 0.17383946399657013 
12.0 0.1723431657047464 
13.0 0.17116919872753525 
14.0 0.17024436496141054 
15.0 0.16951346539235593 
16.0 0.16893438053163656 
17.0 0.16847466672723452 
18.0 0.1681091440780581 
19.0 0.16781815170648096 
20.0 0.1675862635971618 
21.0 0.1674013294208453 
22.0 0.1672537491947747 
23.0 0.16713591909007933 
24.0 0.16704180436799254 
25.0 0.1669666079537734 
26.0 0.1669065117386212 
27.0 0.16685847369344 
28.0 0.16682006814016273 
29.0 0.16678935960704902 
30.0 0.1667648029547034 
31.0 0.16674516414021878 
32.0 0.16672945725128432 
33.0 0.16671689440317175 
34.0 0.1667068458284801 
35.0 0.16669880805887935 
36.0 0.1666923785407539 
37.0 0.16668723537261587 
38.0 0.16668312112374004 
39.0 0.16667982990742636 


