# numerical result for logistic equation: 
# dx/dt = 3.6 * (1-x) * x. 
# initial condition: x0 = 0.5 
0.0 0.5 
1.0 0.9 
2.0 0.32399999999999995 
3.0 0.7884863999999999 
4.0 0.6003921492541442 
5.0 0.8637170989252811 
6.0 0.4237555390177581 
7.0 0.8790724158102987 
8.0 0.38269477285827835 
9.0 0.8504621412668248 
10.0 0.4578346351392196 
11.0 0.8935994952221662 
12.0 0.3422859744990815 
13.0 0.8104546301770643 
14.0 0.55302452136584 
15.0 0.8898782404821248 
16.0 0.3527818473548248 
17.0 0.821976535914271 
18.0 0.5267919971543262 
19.0 0.8974158799985373 
20.0 0.3314182259699574 
21.0 0.7976886676735812 
22.0 0.5809732456994213 
23.0 0.8763960005312441 
24.0 0.3899737828227013 
25.0 0.8564192335211541 
26.0 0.44267518791429483 
27.0 0.8881699173096189 
28.0 0.357566815065037 
29.0 0.8269660361854174 
30.0 0.5151355602523067 
31.0 0.8991752933370557 
32.0 0.3263727066813919 
33.0 0.7914728268534744 
34.0 0.5941569283417603 
35.0 0.8680841022428807 
36.0 0.41225073723378924 
37.0 0.8722802407823514 
38.0 0.40106672036292396 
39.0 0.8647639422489077 


